98 34 12 76 55 23
-1 5 3 -8 10 2 7 4
100 200 150 50 75
3 3 3 1 2 2
7 1 4 9 2 5 8 3 6
11 22 33 44 55 66 77 88 99
5 8 2 9 1 7 3 6 4
-5 -3 -1 0 2 4 6
1 2 3 4 5 6 7 8 9 10
45 12 67 89 23 56 78
6 1 8 3 9 2 7 4 5
123 456 789 321 654 987
8 7 6 5 4 3 2 1
3 6 9 12 15 18 21
10 9 8 7 6 5 4 3 2 1
5 1 5 2 5 3 5 4
-10 -20 -30 -40 -50
2 4 6 8 10 12 14 16 18 20
1 3 5 7 9 11 13 15 17 19
77 88 99 11 22 33 44 55 66

3 1 4 1 5 9 2 6 5 3 5
8 5 2 9 7 3 6 4 1
12 34 56 78 90 11 22 33
-7 0 7 -14 14 -21 21
5 9 1 8 2 7 3 6 4
33 11 22 55 44 77 66 99 88
1 10 2 9 3 8 4 7 5 6
6 4 2 0 -2 -4 -6
9 8 7 6 5 4 3 2 1
15 30 45 60 75 90 105

2 3 5 7 11 13 17 19 23 29
4 8 12 16 20 24 28 32
-3 6 -9 12 -15 18
1 4 7 10 13 16 19 22 25
8 1 9 2 7 3 6 4 5
50 60 70 80 90 100 20 30 40
3 7 11 15 19 23 27 31
-1 0 1 -2 2 -3 3
10 20 30 40 50 60 70 80 90 100
2 5 8 11 14 17 20 23 26 29

1 3 6 10 15 21 28 36 45 55
7 5 3 1 9 7 5 3 1
22 44 66 88 11 33 55 77 99
-4 8 -12 16 -20 24
4 1 5 2 6 3 7 4 8 5
90 80 70 60 50 40 30 20 10
5 10 15 20 25 30 35 40 45 50
-6 3 -9 6 -12 9
1 2 4 8 16 32 64 128 256
3 6 12 24 48 96 192 384

5 7 9 11 13 15 17 19
8 6 4 2 0 -2 -4 -6 -8
13 26 39 52 65 78 91
-5 0 5 -10 10 -15 15
2 7 12 17 22 27 32 37 42
77 66 55 44 33 22 11 99 88
6 12 18 24 30 36 42 48 54 60
-8 4 -12 8 -16 12
1 5 9 13 17 21 25 29 33
4 9 14 19 24 29 34 39 44 49

3 8 13 18 23 28 33 38
10 8 6 4 2 0 -2 -4 -6 -8
17 34 51 68 85 102
-7 7 -14 14 -21 21 -28 28
5 11 17 23 29 35 41 47
88 77 66 55 44 33 22 11 99
7 14 21 28 35 42 49 56 63 70
-9 3 -12 6 -15 9 -18 12
2 6 10 14 18 22 26 30 34
5 12 19 26 33 40 47 54 61 68

1 4 9 16 25 36 49 64 81 100
9 7 5 3 1 8 6 4 2 0
21 42 63 84 105 126
-10 5 -15 10 -20 15 -25 20
3 8 13 18 23 28 33 38 43
99 88 77 66 55 44 33 22 11
8 16 24 32 40 48 56 64 72 80
-11 2 -13 4 -15 6 -17 8
4 10 16 22 28 34 40 46 52
6 13 20 27 34 41 48 55 62 69

2 5 10 15 20 25 30 35
11 9 7 5 3 1 10 8 6 4
25 50 75 100 125 150
-12 6 -18 12 -24 18 -30 24
5 12 19 26 33 40 47 54
100 90 80 70 60 50 40 30 20 10
9 18 27 36 45 54 63 72 81 90
-13 3 -16 6 -19 9 -22 12
3 9 15 21 27 33 39 45 51
7 15 23 31 39 47 55 63 71 79

4 7 12 17 22 27 32 37
12 10 8 6 4 2 0 -2 -4 -6
29 58 87 116 145 174
-14 7 -21 14 -28 21 -35 28
6 13 20 27 34 41 48 55
110 100 90 80 70 60 50 40 30 20
10 20 30 40 50 60 70 80 90 100
-15 5 -20 10 -25 15 -30 20
5 12 19 26 33 40 47 54 61
8 17 26 35 44 53 62 71 80 89

3 6 9 12 15 18 21 24
13 11 9 7 5 3 1 12 10 8
33 66 99 132 165 198
-16 8 -24 16 -32 24 -40 32
7 14 21 28 35 42 49 56
120 110 100 90 80 70 60 50 40
11 22 33 44 55 66 77 88 99 110
-17 4 -21 8 -25 12 -29 16
6 14 22 30 38 46 54 62 70
9 19 29 39 49 59 69 79 89 99